$title                                                                sec 5.1
hull and keel, type 18 wake 
jan. 4, 1991
$datacheck
 0.
$symmetric flow                                                       sec 5.3
=xzpln    xypln 
 1.0       0.0
$mach number                                                          sec 5.4
=amach
0.
$cases - no. of solutions                                             sec 5.4
=nacase 
1.
$angles-of-attack                                                     sec 5.4
=alpc 
0.
=alpha(1) alpha(2)  alpha(3)  alpha(4)
6.        2.        4.        0.
$reference data for 3-d forces and moments                            sec 5.5
=xref     yref      zref
0.        0.        0.
=sref     bref      cref      dref
200.      20.       10.       20. 
$printout options                                                     sec 5.7
=isings   igeomp    isingp    icontp    ibconp    iedgep
2.        0.        0.        0.        0.        0.
=ipraic   nexdgn    ioutpr    ifmcpr    icostp
0.        0.        0.        0.        0.
$eat
.000002 
$flow-fields
0.0       0.0
$streamlines
1.0
11.       1.        5.        100.      6.        .01 
10000.    0.0       0.0       1.
 30.0      4.8       0.01     100.      20.       20. 
1.
 30.3      5.5       0.01     100.      20.       20. 
1.
 30.6      6.0       0.01     100.      20.       20. 
1.
 30.9      6.5       0.01     100.      20.       20. 
1.
 31.2      7.0       0.01     100.      20.       20. 
1.
 31.5      7.5       0.01     100.      20.       20. 
1.
 31.8      8.0       0.01     100.      20.       20. 
1.
 32.1      8.5       0.01     100.      20.       20. 
1.
 32.4      9.0       0.01     100.      20.       20. 
1.
 32.7      9.5       0.01     100.      20.       20. 
1.
 33.0     10.0       0.01     100.      20.       20. 
1.
$points - defines network geometry and boundary conditions            sec 5.9
=kn                                               cpnorm
2.                                                2.0 
=kt 
1.
=nm       nn                                                          netname 
=x(1,1)   y(1,1)    z(1,1)    x(*,*)    y(*,*)    z(*,*)
       51.        7.                                                  ab1
  0.000000  0.000000  0.000000  1.000000  0.000000 -0.392000
  2.000000  0.000000 -0.768000  3.000000  0.000000 -1.128000
  4.000000  0.000000 -1.472000  5.000000  0.000000 -1.800000
  6.000000  0.000000 -2.112000  7.000000  0.000000 -2.408000
  8.000000  0.000000 -2.688000  9.000000  0.000000 -2.952000
 10.000000  0.000000 -3.200000 11.000000  0.000000 -3.432000
 12.000000  0.000000 -3.648000 13.000000  0.000000 -3.848000
 14.000000  0.000000 -4.032000 15.000000  0.000000 -4.200000
 16.000000  0.000000 -4.352000 17.000000  0.000000 -4.488000
 18.000000  0.000000 -4.608000 19.000000  0.000000 -4.712000
 20.000000  0.000000 -4.800000 21.000000  0.000000 -4.872000
 22.000000  0.000000 -4.928000 23.000000  0.000000 -4.968000
 24.000000  0.000000 -4.992000 25.000000  0.000000 -5.000000
 26.000000  0.000000 -4.992000 27.000000  0.000000 -4.968000
 28.000000  0.000000 -4.928000 29.000000  0.000000 -4.872000
 30.000000  0.000000 -4.800000 31.000000  0.000000 -4.712000
 32.000000  0.000000 -4.608000 33.000000  0.000000 -4.488000
 34.000000  0.000000 -4.352000 35.000000  0.000000 -4.200000
 36.000000  0.000000 -4.032000 37.000000  0.000000 -3.848000
 38.000000  0.000000 -3.648000 39.000000  0.000000 -3.432000
 40.000000  0.000000 -3.200000 41.000000  0.000000 -2.952000
 42.000000  0.000000 -2.688000 43.000000  0.000000 -2.408000
 44.000000  0.000000 -2.112000 45.000000  0.000000 -1.800000
 46.000000  0.000000 -1.472000 47.000000  0.000000 -1.128000
 48.000000  0.000000 -0.768000 49.000000  0.000000 -0.392000
 50.000000  0.000000  0.000000
  0.000000  0.000000  0.000000  1.000000  0.101457 -0.378643
  2.000000  0.198773 -0.741831  3.000000  0.291948 -1.089564
  4.000000  0.380982 -1.421843  5.000000  0.465874 -1.738666
  6.000000  0.546626 -2.040035  7.000000  0.623236 -2.325949
  8.000000  0.695706 -2.596409  9.000000  0.764034 -2.851413
 10.000000  0.828221 -3.090963 11.000000  0.888267 -3.315058
 12.000000  0.944172 -3.523697 13.000000  0.995936 -3.716882
 14.000000  1.043558 -3.894613 15.000000  1.087040 -4.056888
 16.000000  1.126381 -4.203710 17.000000  1.161580 -4.335075
 18.000000  1.192638 -4.450986 19.000000  1.219555 -4.551442
 20.000000  1.242332 -4.636444 21.000000  1.260966 -4.705991
 22.000000  1.275460 -4.760082 23.000000  1.285813 -4.798719
 24.000000  1.292025 -4.821902 25.000000  1.294095 -4.829629
 26.000000  1.292025 -4.821902 27.000000  1.285813 -4.798719
 28.000000  1.275460 -4.760082 29.000000  1.260966 -4.705991
 30.000000  1.242332 -4.636444 31.000000  1.219555 -4.551442
 32.000000  1.192638 -4.450986 33.000000  1.161580 -4.335075
 34.000000  1.126381 -4.203710 35.000000  1.087040 -4.056888
 36.000000  1.043558 -3.894613 37.000000  0.995936 -3.716882
 38.000000  0.944172 -3.523697 39.000000  0.888267 -3.315058
 40.000000  0.828221 -3.090963 41.000000  0.764034 -2.851413
 42.000000  0.695706 -2.596409 43.000000  0.623236 -2.325949
 44.000000  0.546626 -2.040035 45.000000  0.465874 -1.738666
 46.000000  0.380982 -1.421843 47.000000  0.291948 -1.089564
 48.000000  0.198773 -0.741831 49.000000  0.101457 -0.378643
 50.000000  0.000000  0.000000
  0.000000  0.000000  0.000000  1.000000  0.196000 -0.339482
  2.000000  0.384000 -0.665108  3.000000  0.564000 -0.976877
  4.000000  0.736000 -1.274789  5.000000  0.900000 -1.558846
  6.000000  1.056000 -1.829046  7.000000  1.204000 -2.085389
  8.000000  1.344000 -2.327876  9.000000  1.476000 -2.556507
 10.000000  1.600000 -2.771281 11.000000  1.716000 -2.972199
 12.000000  1.824000 -3.159261 13.000000  1.924000 -3.332466
 14.000000  2.016000 -3.491814 15.000000  2.100000 -3.637306
 16.000000  2.176000 -3.768943 17.000000  2.244000 -3.886722
 18.000000  2.304000 -3.990645 19.000000  2.356000 -4.080711
 20.000000  2.400000 -4.156922 21.000000  2.436000 -4.219276
 22.000000  2.464000 -4.267773 23.000000  2.484000 -4.302414
 24.000000  2.496000 -4.323199 25.000000  2.500000 -4.330127
 26.000000  2.496000 -4.323199 27.000000  2.484000 -4.302414
 28.000000  2.464000 -4.267773 29.000000  2.436000 -4.219276
 30.000000  2.400000 -4.156922 31.000000  2.356000 -4.080711
 32.000000  2.304000 -3.990645 33.000000  2.244000 -3.886722
 34.000000  2.176000 -3.768943 35.000000  2.100000 -3.637306
 36.000000  2.016000 -3.491814 37.000000  1.924000 -3.332466
 38.000000  1.824000 -3.159261 39.000000  1.716000 -2.972199
 40.000000  1.600000 -2.771281 41.000000  1.476000 -2.556507
 42.000000  1.344000 -2.327876 43.000000  1.204000 -2.085389
 44.000000  1.056000 -1.829046 45.000000  0.900000 -1.558846
 46.000000  0.736000 -1.274789 47.000000  0.564000 -0.976877
 48.000000  0.384000 -0.665108 49.000000  0.196000 -0.339482
 50.000000  0.000000  0.000000
  0.000000  0.000000  0.000000  1.000000  0.277186 -0.277186
  2.000000  0.543058 -0.543058  3.000000  0.797616 -0.797616
  4.000000  1.040861 -1.040861  5.000000  1.272792 -1.272792
  6.000000  1.493410 -1.493410  7.000000  1.702713 -1.702713
  8.000000  1.900703 -1.900703  9.000000  2.087379 -2.087379
 10.000000  2.262742 -2.262742 11.000000  2.426790 -2.426790
 12.000000  2.579525 -2.579525 13.000000  2.720947 -2.720947
 14.000000  2.851054 -2.851054 15.000000  2.969848 -2.969848
 16.000000  3.077329 -3.077329 17.000000  3.173495 -3.173495
 18.000000  3.258348 -3.258348 19.000000  3.331887 -3.331887
 20.000000  3.394113 -3.394113 21.000000  3.445024 -3.445024
 22.000000  3.484622 -3.484622 23.000000  3.512906 -3.512906
 24.000000  3.529877 -3.529877 25.000000  3.535534 -3.535534
 26.000000  3.529877 -3.529877 27.000000  3.512906 -3.512906
 28.000000  3.484622 -3.484622 29.000000  3.445024 -3.445024
 30.000000  3.394113 -3.394113 31.000000  3.331887 -3.331887
 32.000000  3.258348 -3.258348 33.000000  3.173495 -3.173495
 34.000000  3.077329 -3.077329 35.000000  2.969848 -2.969848
 36.000000  2.851054 -2.851054 37.000000  2.720947 -2.720947
 38.000000  2.579525 -2.579525 39.000000  2.426790 -2.426790
 40.000000  2.262742 -2.262742 41.000000  2.087379 -2.087379
 42.000000  1.900703 -1.900703 43.000000  1.702713 -1.702713
 44.000000  1.493410 -1.493410 45.000000  1.272792 -1.272792
 46.000000  1.040861 -1.040861 47.000000  0.797616 -0.797616
 48.000000  0.543058 -0.543058 49.000000  0.277186 -0.277186
 50.000000  0.000000  0.000000
  0.000000  0.000000  0.000000  1.000000  0.339482 -0.196000
  2.000000  0.665108 -0.384000  3.000000  0.976877 -0.564000
  4.000000  1.274789 -0.736000  5.000000  1.558846 -0.900000
  6.000000  1.829046 -1.056000  7.000000  2.085389 -1.204000
  8.000000  2.327876 -1.344000  9.000000  2.556507 -1.476000
 10.000000  2.771281 -1.600000 11.000000  2.972199 -1.716000
 12.000000  3.159261 -1.824000 13.000000  3.332466 -1.924000
 14.000000  3.491815 -2.016000 15.000000  3.637307 -2.100000
 16.000000  3.768943 -2.176000 17.000000  3.886722 -2.244000
 18.000000  3.990645 -2.304000 19.000000  4.080712 -2.356000
 20.000000  4.156922 -2.400000 21.000000  4.219276 -2.436000
 22.000000  4.267773 -2.464000 23.000000  4.302414 -2.484000
 24.000000  4.323199 -2.496000 25.000000  4.330127 -2.500000
 26.000000  4.323199 -2.496000 27.000000  4.302414 -2.484000
 28.000000  4.267773 -2.464000 29.000000  4.219276 -2.436000
 30.000000  4.156922 -2.400000 31.000000  4.080712 -2.356000
 32.000000  3.990645 -2.304000 33.000000  3.886722 -2.244000
 34.000000  3.768943 -2.176000 35.000000  3.637307 -2.100000
 36.000000  3.491815 -2.016000 37.000000  3.332466 -1.924000
 38.000000  3.159261 -1.824000 39.000000  2.972199 -1.716000
 40.000000  2.771281 -1.600000 41.000000  2.556507 -1.476000
 42.000000  2.327876 -1.344000 43.000000  2.085389 -1.204000
 44.000000  1.829046 -1.056000 45.000000  1.558846 -0.900000
 46.000000  1.274789 -0.736000 47.000000  0.976877 -0.564000
 48.000000  0.665108 -0.384000 49.000000  0.339482 -0.196000
 50.000000  0.000000  0.000000
  0.000000  0.000000  0.000000  1.000000  0.378643 -0.101457
  2.000000  0.741831 -0.198773  3.000000  1.089564 -0.291948
  4.000000  1.421843 -0.380981  5.000000  1.738667 -0.465874
  6.000000  2.040035 -0.546626  7.000000  2.325949 -0.623236
  8.000000  2.596409 -0.695705  9.000000  2.851413 -0.764034
 10.000000  3.090963 -0.828221 11.000000  3.315058 -0.888267
 12.000000  3.523698 -0.944172 13.000000  3.716883 -0.995935
 14.000000  3.894613 -1.043558 15.000000  4.056889 -1.087040
 16.000000  4.203710 -1.126380 17.000000  4.335075 -1.161579
 18.000000  4.450986 -1.192638 19.000000  4.551443 -1.219555
 20.000000  4.636445 -1.242331 21.000000  4.705991 -1.260966
 22.000000  4.760083 -1.275460 23.000000  4.798720 -1.285812
 24.000000  4.821902 -1.292024 25.000000  4.829629 -1.294095
 26.000000  4.821902 -1.292024 27.000000  4.798720 -1.285812
 28.000000  4.760083 -1.275460 29.000000  4.705991 -1.260966
 30.000000  4.636445 -1.242331 31.000000  4.551443 -1.219555
 32.000000  4.450986 -1.192638 33.000000  4.335075 -1.161579
 34.000000  4.203710 -1.126380 35.000000  4.056889 -1.087040
 36.000000  3.894613 -1.043558 37.000000  3.716883 -0.995935
 38.000000  3.523698 -0.944172 39.000000  3.315058 -0.888267
 40.000000  3.090963 -0.828221 41.000000  2.851413 -0.764034
 42.000000  2.596409 -0.695705 43.000000  2.325949 -0.623236
 44.000000  2.040035 -0.546626 45.000000  1.738667 -0.465874
 46.000000  1.421843 -0.380981 47.000000  1.089564 -0.291948
 48.000000  0.741831 -0.198773 49.000000  0.378643 -0.101457
 50.000000  0.000000  0.000000
  0.000000  0.000000  0.000000  1.000000  0.392000  0.000000
  2.000000  0.768000  0.000000  3.000000  1.128000  0.000000
  4.000000  1.472000  0.000000  5.000000  1.800000  0.000000
  6.000000  2.112000  0.000000  7.000000  2.408000  0.000000
  8.000000  2.688000  0.000000  9.000000  2.952000  0.000000
 10.000000  3.200000  0.000000 11.000000  3.432000  0.000000
 12.000000  3.648000  0.000000 13.000000  3.848000  0.000000
 14.000000  4.032000  0.000000 15.000000  4.200000  0.000000
 16.000000  4.352000  0.000000 17.000000  4.488000  0.000000
 18.000000  4.608000  0.000000 19.000000  4.712000  0.000000
 20.000000  4.800000  0.000000 21.000000  4.872000  0.000000
 22.000000  4.928000  0.000000 23.000000  4.968000  0.000000
 24.000000  4.992000  0.000000 25.000000  5.000000  0.000000
 26.000000  4.992000  0.000000 27.000000  4.968000  0.000000
 28.000000  4.928000  0.000000 29.000000  4.872000  0.000000
 30.000000  4.800000  0.000000 31.000000  4.712000  0.000000
 32.000000  4.608000  0.000000 33.000000  4.488000  0.000000
 34.000000  4.352000  0.000000 35.000000  4.200000  0.000000
 36.000000  4.032000  0.000000 37.000000  3.848000  0.000000
 38.000000  3.648000  0.000000 39.000000  3.432000  0.000000
 40.000000  3.200000  0.000000 41.000000  2.952000  0.000000
 42.000000  2.688000  0.000000 43.000000  2.408000  0.000000
 44.000000  2.112000  0.000000 45.000000  1.800000  0.000000
 46.000000  1.472000  0.000000 47.000000  1.128000  0.000000
 48.000000  0.768000  0.000000 49.000000  0.392000  0.000000
 50.000000  0.000000  0.000000
       51.        7.                                                  ab2
  0.000000  0.000000  0.000000  1.000000  0.392000  0.000000
  2.000000  0.768000  0.000000  3.000000  1.128000  0.000000
  4.000000  1.472000  0.000000  5.000000  1.800000  0.000000
  6.000000  2.112000  0.000000  7.000000  2.408000  0.000000
  8.000000  2.688000  0.000000  9.000000  2.952000  0.000000
 10.000000  3.200000  0.000000 11.000000  3.432000  0.000000
 12.000000  3.648000  0.000000 13.000000  3.848000  0.000000
 14.000000  4.032000  0.000000 15.000000  4.200000  0.000000
 16.000000  4.352000  0.000000 17.000000  4.488000  0.000000
 18.000000  4.608000  0.000000 19.000000  4.712000  0.000000
 20.000000  4.800000  0.000000 21.000000  4.872000  0.000000
 22.000000  4.928000  0.000000 23.000000  4.968000  0.000000
 24.000000  4.992000  0.000000 25.000000  5.000000  0.000000
 26.000000  4.992000  0.000000 27.000000  4.968000  0.000000
 28.000000  4.928000  0.000000 29.000000  4.872000  0.000000
 30.000000  4.800000  0.000000 31.000000  4.712000  0.000000
 32.000000  4.608000  0.000000 33.000000  4.488000  0.000000
 34.000000  4.352000  0.000000 35.000000  4.200000  0.000000
 36.000000  4.032000  0.000000 37.000000  3.848000  0.000000
 38.000000  3.648000  0.000000 39.000000  3.432000  0.000000
 40.000000  3.200000  0.000000 41.000000  2.952000  0.000000
 42.000000  2.688000  0.000000 43.000000  2.408000  0.000000
 44.000000  2.112000  0.000000 45.000000  1.800000  0.000000
 46.000000  1.472000  0.000000 47.000000  1.128000  0.000000
 48.000000  0.768000  0.000000 49.000000  0.392000  0.000000
 50.000000  0.000000  0.000000
  0.000000  0.000000  0.000000  1.000000  0.378643  0.101457
  2.000000  0.741831  0.198773  3.000000  1.089564  0.291948
  4.000000  1.421843  0.380982  5.000000  1.738666  0.465874
  6.000000  2.040035  0.546626  7.000000  2.325949  0.623237
  8.000000  2.596409  0.695706  9.000000  2.851413  0.764034
 10.000000  3.090963  0.828221 11.000000  3.315058  0.888267
 12.000000  3.523697  0.944172 13.000000  3.716882  0.995936
 14.000000  3.894613  1.043559 15.000000  4.056888  1.087040
 16.000000  4.203710  1.126381 17.000000  4.335075  1.161580
 18.000000  4.450986  1.192639 19.000000  4.551442  1.219556
 20.000000  4.636444  1.242332 21.000000  4.705991  1.260967
 22.000000  4.760082  1.275461 23.000000  4.798719  1.285814
 24.000000  4.821902  1.292025 25.000000  4.829629  1.294096
 26.000000  4.821902  1.292025 27.000000  4.798719  1.285814
 28.000000  4.760082  1.275461 29.000000  4.705991  1.260967
 30.000000  4.636444  1.242332 31.000000  4.551442  1.219556
 32.000000  4.450986  1.192639 33.000000  4.335075  1.161580
 34.000000  4.203710  1.126381 35.000000  4.056888  1.087040
 36.000000  3.894613  1.043559 37.000000  3.716882  0.995936
 38.000000  3.523697  0.944172 39.000000  3.315058  0.888267
 40.000000  3.090963  0.828221 41.000000  2.851413  0.764034
 42.000000  2.596409  0.695706 43.000000  2.325949  0.623237
 44.000000  2.040035  0.546626 45.000000  1.738666  0.465874
 46.000000  1.421843  0.380982 47.000000  1.089564  0.291948
 48.000000  0.741831  0.198773 49.000000  0.378643  0.101457
 50.000000  0.000000  0.000000
  0.000000  0.000000  0.000000  1.000000  0.339482  0.196000
  2.000000  0.665108  0.384000  3.000000  0.976877  0.564000
  4.000000  1.274789  0.736000  5.000000  1.558846  0.900000
  6.000000  1.829046  1.056000  7.000000  2.085389  1.204000
  8.000000  2.327876  1.344000  9.000000  2.556507  1.476000
 10.000000  2.771281  1.600000 11.000000  2.972199  1.716000
 12.000000  3.159261  1.824000 13.000000  3.332466  1.924000
 14.000000  3.491814  2.016000 15.000000  3.637306  2.100000
 16.000000  3.768943  2.176000 17.000000  3.886722  2.244000
 18.000000  3.990645  2.304000 19.000000  4.080711  2.356000
 20.000000  4.156922  2.400000 21.000000  4.219276  2.436000
 22.000000  4.267773  2.464000 23.000000  4.302414  2.484000
 24.000000  4.323199  2.496000 25.000000  4.330127  2.500000
 26.000000  4.323199  2.496000 27.000000  4.302414  2.484000
 28.000000  4.267773  2.464000 29.000000  4.219276  2.436000
 30.000000  4.156922  2.400000 31.000000  4.080711  2.356000
 32.000000  3.990645  2.304000 33.000000  3.886722  2.244000
 34.000000  3.768943  2.176000 35.000000  3.637306  2.100000
 36.000000  3.491814  2.016000 37.000000  3.332466  1.924000
 38.000000  3.159261  1.824000 39.000000  2.972199  1.716000
 40.000000  2.771281  1.600000 41.000000  2.556507  1.476000
 42.000000  2.327876  1.344000 43.000000  2.085389  1.204000
 44.000000  1.829046  1.056000 45.000000  1.558846  0.900000
 46.000000  1.274789  0.736000 47.000000  0.976877  0.564000
 48.000000  0.665108  0.384000 49.000000  0.339482  0.196000
 50.000000  0.000000  0.000000
  0.000000  0.000000  0.000000  1.000000  0.277186  0.277186
  2.000000  0.543058  0.543058  3.000000  0.797616  0.797616
  4.000000  1.040861  1.040861  5.000000  1.272792  1.272792
  6.000000  1.493410  1.493410  7.000000  1.702713  1.702713
  8.000000  1.900703  1.900703  9.000000  2.087379  2.087379
 10.000000  2.262742  2.262742 11.000000  2.426790  2.426790
 12.000000  2.579525  2.579525 13.000000  2.720947  2.720947
 14.000000  2.851054  2.851054 15.000000  2.969848  2.969848
 16.000000  3.077329  3.077329 17.000000  3.173495  3.173495
 18.000000  3.258348  3.258348 19.000000  3.331887  3.331887
 20.000000  3.394113  3.394113 21.000000  3.445024  3.445024
 22.000000  3.484622  3.484622 23.000000  3.512906  3.512906
 24.000000  3.529877  3.529877 25.000000  3.535534  3.535534
 26.000000  3.529877  3.529877 27.000000  3.512906  3.512906
 28.000000  3.484622  3.484622 29.000000  3.445024  3.445024
 30.000000  3.394113  3.394113 31.000000  3.331887  3.331887
 32.000000  3.258348  3.258348 33.000000  3.173495  3.173495
 34.000000  3.077329  3.077329 35.000000  2.969848  2.969848
 36.000000  2.851054  2.851054 37.000000  2.720947  2.720947
 38.000000  2.579525  2.579525 39.000000  2.426790  2.426790
 40.000000  2.262742  2.262742 41.000000  2.087379  2.087379
 42.000000  1.900703  1.900703 43.000000  1.702713  1.702713
 44.000000  1.493410  1.493410 45.000000  1.272792  1.272792
 46.000000  1.040861  1.040861 47.000000  0.797616  0.797616
 48.000000  0.543058  0.543058 49.000000  0.277186  0.277186
 50.000000  0.000000  0.000000
  0.000000  0.000000  0.000000  1.000000  0.196000  0.339482
  2.000000  0.384000  0.665108  3.000000  0.564000  0.976877
  4.000000  0.736000  1.274789  5.000000  0.900000  1.558846
  6.000000  1.056000  1.829046  7.000000  1.204000  2.085389
  8.000000  1.344000  2.327877  9.000000  1.475999  2.556507
 10.000000  1.600000  2.771282 11.000000  1.716000  2.972200
 12.000000  1.823999  3.159261 13.000000  1.923999  3.332466
 14.000000  2.015999  3.491815 15.000000  2.099999  3.637307
 16.000000  2.175999  3.768943 17.000000  2.243999  3.886722
 18.000000  2.303999  3.990645 19.000000  2.355999  4.080712
 20.000000  2.399999  4.156923 21.000000  2.435999  4.219276
 22.000000  2.463999  4.267774 23.000000  2.483999  4.302415
 24.000000  2.495999  4.323199 25.000000  2.499999  4.330128
 26.000000  2.495999  4.323199 27.000000  2.483999  4.302415
 28.000000  2.463999  4.267774 29.000000  2.435999  4.219276
 30.000000  2.399999  4.156923 31.000000  2.355999  4.080712
 32.000000  2.303999  3.990645 33.000000  2.243999  3.886722
 34.000000  2.175999  3.768943 35.000000  2.099999  3.637307
 36.000000  2.015999  3.491815 37.000000  1.923999  3.332466
 38.000000  1.823999  3.159261 39.000000  1.716000  2.972200
 40.000000  1.600000  2.771282 41.000000  1.475999  2.556507
 42.000000  1.344000  2.327877 43.000000  1.204000  2.085389
 44.000000  1.056000  1.829046 45.000000  0.900000  1.558846
 46.000000  0.736000  1.274789 47.000000  0.564000  0.976877
 48.000000  0.384000  0.665108 49.000000  0.196000  0.339482
 50.000000  0.000000  0.000000
  0.000000  0.000000  0.000000  1.000000  0.101457  0.378643
  2.000000  0.198773  0.741831  3.000000  0.291948  1.089564
  4.000000  0.380981  1.421843  5.000000  0.465874  1.738667
  6.000000  0.546626  2.040035  7.000000  0.623236  2.325949
  8.000000  0.695705  2.596409  9.000000  0.764033  2.851413
 10.000000  0.828221  3.090963 11.000000  0.888267  3.315058
 12.000000  0.944171  3.523698 13.000000  0.995935  3.716883
 14.000000  1.043558  3.894613 15.000000  1.087039  4.056889
 16.000000  1.126380  4.203710 17.000000  1.161579  4.335075
 18.000000  1.192638  4.450986 19.000000  1.219555  4.551443
 20.000000  1.242331  4.636445 21.000000  1.260966  4.705991
 22.000000  1.275460  4.760083 23.000000  1.285812  4.798720
 24.000000  1.292024  4.821902 25.000000  1.294095  4.829629
 26.000000  1.292024  4.821902 27.000000  1.285812  4.798720
 28.000000  1.275460  4.760083 29.000000  1.260966  4.705991
 30.000000  1.242331  4.636445 31.000000  1.219555  4.551443
 32.000000  1.192638  4.450986 33.000000  1.161579  4.335075
 34.000000  1.126380  4.203710 35.000000  1.087039  4.056889
 36.000000  1.043558  3.894613 37.000000  0.995935  3.716883
 38.000000  0.944171  3.523698 39.000000  0.888267  3.315058
 40.000000  0.828221  3.090963 41.000000  0.764033  2.851413
 42.000000  0.695705  2.596409 43.000000  0.623236  2.325949
 44.000000  0.546626  2.040035 45.000000  0.465874  1.738667
 46.000000  0.380981  1.421843 47.000000  0.291948  1.089564
 48.000000  0.198773  0.741831 49.000000  0.101457  0.378643
 50.000000  0.000000  0.000000
  0.000000  0.000000  0.000000  1.000000  0.000000  0.392000
  2.000000  0.000000  0.768000  3.000000  0.000000  1.128000
  4.000000  0.000000  1.472000  5.000000  0.000000  1.800000
  6.000000  0.000000  2.112000  7.000000  0.000000  2.408000
  8.000000  0.000000  2.688000  9.000000  0.000000  2.952000
 10.000000  0.000000  3.200000 11.000000  0.000000  3.432000
 12.000000  0.000000  3.648000 13.000000  0.000000  3.848000
 14.000000  0.000000  4.032000 15.000000  0.000000  4.200000
 16.000000  0.000000  4.352000 17.000000  0.000000  4.488000
 18.000000  0.000000  4.608000 19.000000  0.000000  4.712000
 20.000000  0.000000  4.800000 21.000000  0.000000  4.872000
 22.000000  0.000000  4.928000 23.000000  0.000000  4.968000
 24.000000  0.000000  4.992000 25.000000  0.000000  5.000000
 26.000000  0.000000  4.992000 27.000000  0.000000  4.968000
 28.000000  0.000000  4.928000 29.000000  0.000000  4.872000
 30.000000  0.000000  4.800000 31.000000  0.000000  4.712000
 32.000000  0.000000  4.608000 33.000000  0.000000  4.488000
 34.000000  0.000000  4.352000 35.000000  0.000000  4.200000
 36.000000  0.000000  4.032000 37.000000  0.000000  3.848000
 38.000000  0.000000  3.648000 39.000000  0.000000  3.432000
 40.000000  0.000000  3.200000 41.000000  0.000000  2.952000
 42.000000  0.000000  2.688000 43.000000  0.000000  2.408000
 44.000000  0.000000  2.112000 45.000000  0.000000  1.800000
 46.000000  0.000000  1.472000 47.000000  0.000000  1.128000
 48.000000  0.000000  0.768000 49.000000  0.000000  0.392000
 50.000000  0.000000  0.000000
$points - defines network geometry and boundary conditions            sec 5.9
=kn                                               cpnorm
1.                                                2.0 
=kt 
2.
       11.       11.                                                  akl
 20.000000  4.800000  0.000000 21.000000  4.872000  0.000000
 22.000000  4.928000  0.000000 23.000000  4.968000  0.000000
 24.000000  4.992000  0.000000 25.000000  5.000000  0.000000
 26.000000  4.992000  0.000000 27.000000  4.968000  0.000000
 28.000000  4.928000  0.000000 29.000000  4.872000  0.000000
 30.000000  4.800000  0.000000
 20.299999  5.500000  0.000000 21.299999  5.500000  0.000000
 22.299999  5.500000  0.000000 23.299999  5.500000  0.000000
 24.299999  5.500000  0.000000 25.299999  5.500000  0.000000
 26.299999  5.500000  0.000000 27.299999  5.500000  0.000000
 28.299999  5.500000  0.000000 29.299999  5.500000  0.000000
 30.299999  5.500000  0.000000
 20.600000  6.000000  0.000000 21.600000  6.000000  0.000000
 22.600000  6.000000  0.000000 23.600000  6.000000  0.000000
 24.600000  6.000000  0.000000 25.600000  6.000000  0.000000
 26.600000  6.000000  0.000000 27.600000  6.000000  0.000000
 28.600000  6.000000  0.000000 29.600000  6.000000  0.000000
 30.600000  6.000000  0.000000
 20.900000  6.500000  0.000000 21.900000  6.500000  0.000000
 22.900000  6.500000  0.000000 23.900000  6.500000  0.000000
 24.900000  6.500000  0.000000 25.900000  6.500000  0.000000
 26.900000  6.500000  0.000000 27.900000  6.500000  0.000000
 28.900000  6.500000  0.000000 29.900000  6.500000  0.000000
 30.900000  6.500000  0.000000
 21.200001  7.000000  0.000000 22.200001  7.000000  0.000000
 23.200001  7.000000  0.000000 24.200001  7.000000  0.000000
 25.200001  7.000000  0.000000 26.200001  7.000000  0.000000
 27.200001  7.000000  0.000000 28.200001  7.000000  0.000000
 29.200001  7.000000  0.000000 30.200001  7.000000  0.000000
 31.200001  7.000000  0.000000
 21.500000  7.500000  0.000000 22.500000  7.500000  0.000000
 23.500000  7.500000  0.000000 24.500000  7.500000  0.000000
 25.500000  7.500000  0.000000 26.500000  7.500000  0.000000
 27.500000  7.500000  0.000000 28.500000  7.500000  0.000000
 29.500000  7.500000  0.000000 30.500000  7.500000  0.000000
 31.500000  7.500000  0.000000
 21.799999  8.000000  0.000000 22.799999  8.000000  0.000000
 23.799999  8.000000  0.000000 24.799999  8.000000  0.000000
 25.799999  8.000000  0.000000 26.799999  8.000000  0.000000
 27.799999  8.000000  0.000000 28.799999  8.000000  0.000000
 29.799999  8.000000  0.000000 30.799999  8.000000  0.000000
 31.799999  8.000000  0.000000
 22.100000  8.500000  0.000000 23.100000  8.500000  0.000000
 24.100000  8.500000  0.000000 25.100000  8.500000  0.000000
 26.100000  8.500000  0.000000 27.100000  8.500000  0.000000
 28.100000  8.500000  0.000000 29.100000  8.500000  0.000000
 30.100000  8.500000  0.000000 31.100000  8.500000  0.000000
 32.099998  8.500000  0.000000
 22.400000  9.000000  0.000000 23.400000  9.000000  0.000000
 24.400000  9.000000  0.000000 25.400000  9.000000  0.000000
 26.400000  9.000000  0.000000 27.400000  9.000000  0.000000
 28.400000  9.000000  0.000000 29.400000  9.000000  0.000000
 30.400000  9.000000  0.000000 31.400000  9.000000  0.000000
 32.400002  9.000000  0.000000
 22.700001  9.500000  0.000000 23.700001  9.500000  0.000000
 24.700001  9.500000  0.000000 25.700001  9.500000  0.000000
 26.700001  9.500000  0.000000 27.700001  9.500000  0.000000
 28.700001  9.500000  0.000000 29.700001  9.500000  0.000000
 30.700001  9.500000  0.000000 31.700001  9.500000  0.000000
 32.700001  9.500000  0.000000
 23.000000 10.000000  0.000000 24.000000 10.000000  0.000000
 25.000000 10.000000  0.000000 26.000000 10.000000  0.000000
 27.000000 10.000000  0.000000 28.000000 10.000000  0.000000
 29.000000 10.000000  0.000000 30.000000 10.000000  0.000000
 31.000000 10.000000  0.000000 32.000000 10.000000  0.000000
 33.000000 10.000000  0.000000
$points - defines network geometry and boundary conditions            sec 5.9
=kn                                               cpnorm
1.                                                2.0 
=kt 
18. 
       41.       11.                                                  a2
 30.000000  4.800000  0.000000 31.000000  4.712000  0.000000
 32.000000  4.608000  0.000000 33.000000  4.488000  0.000000
 34.000000  4.352000  0.000000 35.000000  4.200000  0.000000
 36.000000  4.032000  0.000000 37.000000  3.848000  0.000000
 38.000000  3.648000  0.000000 39.000000  3.432000  0.000000
 40.000000  3.200000  0.000000 41.000000  2.952000  0.000000
 42.000000  2.688000  0.000000 43.000000  2.408000  0.000000
 44.000000  2.112000  0.000000 45.000000  1.800000  0.000000
 46.000000  1.472000  0.000000 47.000000  1.128000  0.000000
 48.000000  0.768000  0.000000 49.000000  0.392000  0.000000
 50.000000  0.000000  0.000000 51.000000  0.000000  0.000000
 52.000000  0.000000  0.000000 53.000000  0.000000  0.000000
 54.000000  0.000000  0.000000 55.000000  0.000000  0.000000
 56.000000  0.000000  0.000000 57.000000  0.000000  0.000000
 58.000000  0.000000  0.000000 59.000000  0.000000  0.000000
 60.000000  0.000000  0.000000 61.000000  0.000000  0.000000
 62.000000  0.000000  0.000000 63.000000  0.000000  0.000000
 64.000000  0.000000  0.000000 65.000000  0.000000  0.000000
 66.000000  0.000000  0.000000 67.000000  0.000000  0.000000
 68.000000  0.000000  0.000000 69.000000  0.000000  0.000000
 70.000000  0.000000  0.000000
 30.299999  5.500000  0.000000 31.292500  5.240800  0.000000
 32.285000  5.147200  0.000000 33.277500  5.039200  0.000000
 34.270000  4.916800  0.000000 35.262501  4.780000  0.000000
 36.255001  4.628800  0.000000 37.247501  4.463200  0.000000
 38.240002  4.283200  0.000000 39.232502  4.088800  0.000000
 40.224998  3.880000  0.000000 41.217499  3.656800  0.000000
 42.209999  3.419200  0.000000 43.202499  3.167200  0.000000
 44.195000  2.900800  0.000000 45.187500  2.620000  0.000000
 46.180000  2.324800  0.000000 47.172501  2.015200  0.000000
 48.165001  1.691200  0.000000 49.157501  1.352800  0.000000
 50.150002  1.000000  0.000000 51.142502  1.000000  0.000000
 52.134998  1.000000  0.000000 53.127499  1.000000  0.000000
 54.119999  1.000000  0.000000 55.112499  1.000000  0.000000
 56.105000  1.000000  0.000000 57.097500  1.000000  0.000000
 58.090000  1.000000  0.000000 59.082500  1.000000  0.000000
 60.075001  1.000000  0.000000 61.067501  1.000000  0.000000
 62.060001  1.000000  0.000000 63.052502  1.000000  0.000000
 64.044998  1.000000  0.000000 65.037498  1.000000  0.000000
 66.029999  1.000000  0.000000 67.022499  1.000000  0.000000
 68.014999  1.000000  0.000000 69.007500  1.000000  0.000000
 70.000000  1.000000  0.000000
 30.600000  6.000000  0.000000 31.584999  5.769600  0.000000
 32.570000  5.686400  0.000000 33.555000  5.590400  0.000000
 34.540001  5.481600  0.000000 35.525002  5.360000  0.000000
 36.509998  5.225600  0.000000 37.494999  5.078400  0.000000
 38.480000  4.918400  0.000000 39.465000  4.745600  0.000000
 40.450001  4.560000  0.000000 41.435001  4.361600  0.000000
 42.419998  4.150400  0.000000 43.404999  3.926400  0.000000
 44.389999  3.689600  0.000000 45.375000  3.440000  0.000000
 46.360001  3.177600  0.000000 47.345001  2.902400  0.000000
 48.330002  2.614400  0.000000 49.314999  2.313600  0.000000
 50.299999  2.000000  0.000000 51.285000  2.000000  0.000000
 52.270000  2.000000  0.000000 53.255001  2.000000  0.000000
 54.240002  2.000000  0.000000 55.224998  2.000000  0.000000
 56.209999  2.000000  0.000000 57.195000  2.000000  0.000000
 58.180000  2.000000  0.000000 59.165001  2.000000  0.000000
 60.150002  2.000000  0.000000 61.134998  2.000000  0.000000
 62.119999  2.000000  0.000000 63.105000  2.000000  0.000000
 64.089996  2.000000  0.000000 65.074997  2.000000  0.000000
 66.059998  2.000000  0.000000 67.044998  2.000000  0.000000
 68.029999  2.000000  0.000000 69.014999  2.000000  0.000000
 70.000000  2.000000  0.000000
 30.900000  6.500000  0.000000 31.877501  6.298400  0.000000
 32.855000  6.225600  0.000000 33.832500  6.141600  0.000000
 34.810001  6.046400  0.000000 35.787498  5.940000  0.000000
 36.764999  5.822400  0.000000 37.742500  5.693600  0.000000
 38.720001  5.553600  0.000000 39.697502  5.402400  0.000000
 40.674999  5.240000  0.000000 41.652500  5.066400  0.000000
 42.630001  4.881600  0.000000 43.607502  4.685600  0.000000
 44.584999  4.478400  0.000000 45.562500  4.260000  0.000000
 46.540001  4.030400  0.000000 47.517498  3.789600  0.000000
 48.494999  3.537600  0.000000 49.472500  3.274400  0.000000
 50.450001  3.000000  0.000000 51.427502  3.000000  0.000000
 52.404999  3.000000  0.000000 53.382500  3.000000  0.000000
 54.360001  3.000000  0.000000 55.337502  3.000000  0.000000
 56.314999  3.000000  0.000000 57.292500  3.000000  0.000000
 58.270000  3.000000  0.000000 59.247501  3.000000  0.000000
 60.224998  3.000000  0.000000 61.202499  3.000000  0.000000
 62.180000  3.000000  0.000000 63.157501  3.000000  0.000000
 64.135002  3.000000  0.000000 65.112503  3.000000  0.000000
 66.090004  3.000000  0.000000 67.067497  3.000000  0.000000
 68.044998  3.000000  0.000000 69.022499  3.000000  0.000000
 70.000000  3.000000  0.000000
 31.200001  7.000000  0.000000 32.169998  6.827200  0.000000
 33.139999  6.764800  0.000000 34.110001  6.692800  0.000000
 35.080002  6.611200  0.000000 36.049999  6.520000  0.000000
 37.020000  6.419200  0.000000 37.989998  6.308800  0.000000
 38.959999  6.188800  0.000000 39.930000  6.059200  0.000000
 40.900002  5.920000  0.000000 41.869999  5.771200  0.000000
 42.840000  5.612800  0.000000 43.810001  5.444800  0.000000
 44.779999  5.267200  0.000000 45.750000  5.080000  0.000000
 46.720001  4.883200  0.000000 47.689999  4.676800  0.000000
 48.660000  4.460800  0.000000 49.630001  4.235200  0.000000
 50.599998  4.000000  0.000000 51.570000  4.000000  0.000000
 52.540001  4.000000  0.000000 53.510002  4.000000  0.000000
 54.480000  4.000000  0.000000 55.450001  4.000000  0.000000
 56.419998  4.000000  0.000000 57.389999  4.000000  0.000000
 58.360001  4.000000  0.000000 59.330002  4.000000  0.000000
 60.299999  4.000000  0.000000 61.270000  4.000000  0.000000
 62.239998  4.000000  0.000000 63.209999  4.000000  0.000000
 64.180000  4.000000  0.000000 65.150002  4.000000  0.000000
 66.120003  4.000000  0.000000 67.089996  4.000000  0.000000
 68.059998  4.000000  0.000000 69.029999  4.000000  0.000000
 70.000000  4.000000  0.000000
 31.500000  7.500000  0.000000 32.462502  7.356000  0.000000
 33.424999  7.304000  0.000000 34.387501  7.244000  0.000000
 35.350002  7.176000  0.000000 36.312500  7.100000  0.000000
 37.275002  7.016000  0.000000 38.237499  6.924000  0.000000
 39.200001  6.824000  0.000000 40.162502  6.716000  0.000000
 41.125000  6.600000  0.000000 42.087502  6.476000  0.000000
 43.049999  6.344000  0.000000 44.012501  6.204000  0.000000
 44.975002  6.056000  0.000000 45.937500  5.900000  0.000000
 46.900002  5.736000  0.000000 47.862499  5.564000  0.000000
 48.825001  5.384000  0.000000 49.787502  5.196000  0.000000
 50.750000  5.000000  0.000000 51.712502  5.000000  0.000000
 52.674999  5.000000  0.000000 53.637501  5.000000  0.000000
 54.600002  5.000000  0.000000 55.562500  5.000000  0.000000
 56.525002  5.000000  0.000000 57.487499  5.000000  0.000000
 58.450001  5.000000  0.000000 59.412502  5.000000  0.000000
 60.375000  5.000000  0.000000 61.337502  5.000000  0.000000
 62.299999  5.000000  0.000000 63.262501  5.000000  0.000000
 64.224998  5.000000  0.000000 65.187500  5.000000  0.000000
 66.150002  5.000000  0.000000 67.112503  5.000000  0.000000
 68.075005  5.000000  0.000000 69.037498  5.000000  0.000000
 70.000000  5.000000  0.000000
 31.799999  8.000000  0.000000 32.755001  7.884800  0.000000
 33.709999  7.843200  0.000000 34.665001  7.795200  0.000000
 35.619999  7.740800  0.000000 36.575001  7.680000  0.000000
 37.529999  7.612800  0.000000 38.485001  7.539200  0.000000
 39.440002  7.459200  0.000000 40.395000  7.372800  0.000000
 41.349998  7.280000  0.000000 42.305000  7.180800  0.000000
 43.259998  7.075200  0.000000 44.215000  6.963200  0.000000
 45.170002  6.844800  0.000000 46.125000  6.720000  0.000000
 47.079998  6.588800  0.000000 48.035000  6.451200  0.000000
 48.990002  6.307200  0.000000 49.945000  6.156800  0.000000
 50.900002  6.000000  0.000000 51.855000  6.000000  0.000000
 52.809998  6.000000  0.000000 53.764999  6.000000  0.000000
 54.720001  6.000000  0.000000 55.674999  6.000000  0.000000
 56.630001  6.000000  0.000000 57.584999  6.000000  0.000000
 58.540001  6.000000  0.000000 59.494999  6.000000  0.000000
 60.450001  6.000000  0.000000 61.404999  6.000000  0.000000
 62.360001  6.000000  0.000000 63.315002  6.000000  0.000000
 64.269997  6.000000  0.000000 65.224998  6.000000  0.000000
 66.180000  6.000000  0.000000 67.135002  6.000000  0.000000
 68.090004  6.000000  0.000000 69.044998  6.000000  0.000000
 70.000000  6.000000  0.000000
 32.099998  8.500000  0.000000 33.047501  8.413600  0.000000
 33.994999  8.382400  0.000000 34.942501  8.346400  0.000000
 35.889999  8.305600  0.000000 36.837502  8.260000  0.000000
 37.785000  8.209600  0.000000 38.732498  8.154400  0.000000
 39.680000  8.094400  0.000000 40.627502  8.029600  0.000000
 41.575001  7.960000  0.000000 42.522499  7.885600  0.000000
 43.469997  7.806400  0.000000 44.417500  7.722400  0.000000
 45.365002  7.633600  0.000000 46.312500  7.540000  0.000000
 47.259998  7.441600  0.000000 48.207500  7.338400  0.000000
 49.155003  7.230400  0.000000 50.102501  7.117600  0.000000
 51.049999  7.000000  0.000000 51.997501  7.000000  0.000000
 52.945000  7.000000  0.000000 53.892502  7.000000  0.000000
 54.840000  7.000000  0.000000 55.787498  7.000000  0.000000
 56.735001  7.000000  0.000000 57.682499  7.000000  0.000000
 58.630001  7.000000  0.000000 59.577499  7.000000  0.000000
 60.525002  7.000000  0.000000 61.472500  7.000000  0.000000
 62.419998  7.000000  0.000000 63.367500  7.000000  0.000000
 64.314995  7.000000  0.000000 65.262497  7.000000  0.000000
 66.209999  7.000000  0.000000 67.157501  7.000000  0.000000
 68.105003  7.000000  0.000000 69.052498  7.000000  0.000000
 70.000000  7.000000  0.000000
 32.400002  9.000000  0.000000 33.340000  8.942400  0.000000
 34.279999  8.921600  0.000000 35.220001  8.897600  0.000000
 36.160000  8.870400  0.000000 37.099998  8.840000  0.000000
 38.040001  8.806400  0.000000 38.980000  8.769600  0.000000
 39.920002  8.729600  0.000000 40.860001  8.686400  0.000000
 41.799999  8.640000  0.000000 42.739998  8.590400  0.000000
 43.680000  8.537601  0.000000 44.620003  8.481600  0.000000
 45.560001  8.422400  0.000000 46.500000  8.360000  0.000000
 47.439999  8.294400  0.000000 48.379997  8.225600  0.000000
 49.320000  8.153601  0.000000 50.260002  8.078400  0.000000
 51.200001  8.000000  0.000000 52.139999  8.000000  0.000000
 53.079998  8.000000  0.000000 54.020000  8.000000  0.000000
 54.959999  8.000000  0.000000 55.900002  8.000000  0.000000
 56.840000  8.000000  0.000000 57.779999  8.000000  0.000000
 58.720001  8.000000  0.000000 59.660000  8.000000  0.000000
